Components: 2
    # Pv: 1
    # Load: 1
    # Gas Chp: 0
    # Uchp: 0
    # Storage: 0
SOLVER TIME:0.3700985908508301
OBJ function grid:
MIN OBJ: 9.086900059093637e-05, MAX OBJ: 0.5096673486889841, MEAN OBJ: 0.07712076639312887
TOTAL OBJ: 7.403593573740372
FULL LIST: 
      0.08421487950235931
      0.19222355872817612
      0.21390750820559779
      0.16217708182174503
      0.03883499883932019
      0.04182184588400163
      0.17127830035054997
      0.4268263979164495
      0.12203905232410867
      0.03164186276871434
      0.03388635446981187
      0.06356678442877145
      0.08786251355315677
      0.02210483365065362
      0.03061035731118819
      0.06399639288928431
      0.03452125224655199
      0.0198689691568961
      0.0026499787259362533
      0.017428893082537228
      0.031571232441021065
      0.04071718224301
      0.011959999520015028
      0.00030445581263778814
      0.045161377791271246
      0.0833554901014254
      0.1107279713289563
      0.03422002740557555
      0.006298568512198102
      0.02595824450508552
      0.04640947057027225
      0.004627283901795219
      0.008238653048477857
      0.00814650217830756
      0.00511740116046998
      0.0051447339874566185
      0.005949403965287981
      0.03569956132346445
      0.023387805744645454
      0.08112345673085333
      0.0014617458006711906
      0.007543703876713278
      0.005530339606306236
      0.04965306242868734
      0.1373766849205942
      0.10186628071265957
      0.13617643396775517
      0.013164403119022935
      0.011730536073182566
      0.08929701192188366
      0.04666327712668004
      0.045309474537181635
      0.25905559180908183
      0.12180545957745618
      0.10460849026445816
      0.10194218382886072
      0.028799156848221128
      0.006199067508767331
      0.019475559803321323
      0.06318302598544563
      0.08393544488605822
      0.030829773587882157
      0.024317879940451367
      0.06429614064496345
      0.013156217907908737
      0.005316389883912303
      0.010162663577735088
      0.002428208222788143
      0.009913523104175061
      0.011446616853436774
      9.086900059093637e-05
      0.00042714787283231305
      0.01107759707017971
      0.024588208328406757
      0.013117985466937307
      0.008282447023011072
      0.0035780538280686374
      0.0009752863673983272
      0.001880778366702433
      0.005439097124046578
      0.0002880591914498592
      0.0012532192975470828
      0.001575102953119482
      0.0015060298286729311
      0.24399355088726093
      0.10837321815386369
      0.25865376840653287
      0.268540155253026
      0.5096673486889841
      0.5028345433842516
      0.36781652440555224
      0.33989964380520243
      0.1530937264830563
      0.21572763421595792
      0.15547129487984454
      0.1232172970035774

Components: 2
    # Pv: 1
    # Load: 1
    # Gas Chp: 0
    # Uchp: 0
    # Storage: 0
SOLVER TIME:0.3379998207092285
OBJ function grid:
MIN OBJ: 0.0005750884754768023, MAX OBJ: 0.32719935428806834, MEAN OBJ: 0.048273265286818016
TOTAL OBJ: 4.634233467534531
FULL LIST: 
      0.02097170884914662
      0.048289532909412694
      0.05185419263759479
      0.046482744946473455
      0.009279484027347906
      0.012998346463321637
      0.04249190039088625
      0.11765011614065242
      0.08996672013167119
      0.010460552912363955
      0.022883586561665368
      0.05408816528141337
      0.06301827738828289
      0.02125482165244937
      0.02053837183309075
      0.03980085869007189
      0.018297548364135923
      0.010799598459004548
      0.0064431135538334725
      0.010551984180620453
      0.060703173504852215
      0.07585723609609345
      0.02996088268985383
      0.00906957785355126
      0.0005750884754768023
      0.018279564375408144
      0.015074671862779715
      0.004810038588983083
      0.006100687734232042
      0.03014021880075106
      0.027710113346196434
      0.014089492310463237
      0.00175628121329561
      0.057135959196156216
      0.08207281526691126
      0.07567176937688973
      0.03946772471950361
      0.035799232064758234
      0.016218813881198918
      0.023845810749780778
      0.03901830811362059
      0.03786080204545033
      0.028896564311213596
      0.07746828937849544
      0.07116074843033075
      0.07060130477593848
      0.07451020793277477
      0.003714892138749616
      0.016744349364561758
      0.09219095592154737
      0.05379348729420969
      0.049268685258558306
      0.060423252561672844
      0.03089352267087448
      0.008765029390053409
      0.024944551688402313
      0.0207482009860506
      0.01058095134087825
      0.010392193301653948
      0.026660678813222906
      0.04960260268367095
      0.028893806492060876
      0.002229642205896328
      0.0625818796781251
      0.010309417818828232
      0.021298713624055936
      0.035262347370686134
      0.025868461017906495
      0.05499967044748359
      0.07230527848910832
      0.0374207159814651
      0.014006474322455742
      0.056695982818265475
      0.03912041959549612
      0.029528405551953053
      0.03655443738771534
      0.03864186652683557
      0.04378012586795854
      0.11517532167877811
      0.045483693537046635
      0.013691979751684126
      0.0095177428081933
      0.021951815686718935
      0.02093404455896197
      0.0046756559298082616
      0.14303614400510162
      0.10725599790714915
      0.013964614007763158
      0.31873952838036496
      0.32719935428806834
      0.23892346665121791
      0.2063210841289718
      0.052114592476922086
      0.08711847512014884
      0.05709949467490066
      0.040832460863928124

Components: 3
    # Pv: 1
    # Load: 1
    # Gas Chp: 0
    # Uchp: 0
    # Storage: 1
SOLVER TIME:0.37480926513671875
OBJ function grid:
MIN OBJ: 0.0, MAX OBJ: 0.5310073435246526, MEAN OBJ: 0.0675751498335768
TOTAL OBJ: 6.487214384023373
FULL LIST: 
      0.0
      0.0
      0.0
      0.0
      0.0
      0.0
      0.0552000124652623
      0.15264680029491828
      0.19356749379666394
      0.039721637709416634
      0.047890695157129584
      0.1182214722989357
      0.08186626725329825
      0.030918976946583514
      0.017725948973721924
      0.05637931397899661
      0.10995696979863454
      0.05488260862457139
      0.030237105192662334
      0.04317115043173261
      0.0824347068403468
      0.1329625707684969
      0.046074338618758384
      0.03153457197590412
      0.007291627986712573
      0.01808297435149264
      0.020157964539639518
      0.0065649059366923454
      0.005249860545361471
      0.03211067830824266
      0.03194966585479805
      0.0046381594971084536
      0.008788322760440335
      0.006350090483348995
      0.06114728404661242
      0.08250258495052121
      0.14158888485147245
      0.29069465565502817
      0.024803465316557194
      0.070596405445831
      0.04613791599620226
      0.04332255132865716
      0.01787734424439336
      0.06097255413714736
      0.13059904501784747
      0.08661982785273249
      0.09974129964118901
      0.0019508516211266703
      0.022353844059660996
      0.07378696267970031
      0.03734982057170592
      0.046937227398837184
      0.09360471598621037
      0.047489431868852586
      0.04283936304492725
      0.03595777679544318
      0.011884476394941534
      0.0014101608570219533
      0.0050258775483423964
      0.031770221314955376
      0.12537429066230166
      0.060317005341041514
      0.021072479715244914
      0.11391304689312147
      0.016785397961157134
      0.02033905275656382
      0.011859837726985945
      0.013272406878438399
      0.0007796004185750752
      0.012836170699299
      0.0014486443376472294
      0.019995735164159253
      0.04594920628460295
      0.060622782622770134
      0.16044835140947314
      0.009400346802222192
      0.03403496544693633
      0.0030406917097189888
      0.5310073435246526
      0.06229144528069014
      0.00388028699382305
      0.003791165293609599
      0.0008893244911271451
      0.0
      0.014957934901402362
      0.0010037190478251762
      0.0045750778067668585
      0.0019247249188650245
      0.39083580433669723
      0.39559166710021565
      0.28349348105471206
      0.2558846532489771
      0.1603405686178698
      0.2588326270116285
      0.19122329588003226
      0.11965981166843186

Components: 3
    # Pv: 1
    # Load: 1
    # Gas Chp: 0
    # Uchp: 0
    # Storage: 1
SOLVER TIME:0.3299233913421631
OBJ function grid:
MIN OBJ: 0.0, MAX OBJ: 0.22645719783905535, MEAN OBJ: 0.057067846022735014
TOTAL OBJ: 5.478513218182562
FULL LIST: 
      0.0
      0.0
      0.0
      0.0
      0.0
      0.0
      0.0
      0.10524920077066642
      0.19270976824930014
      0.037896713696719826
      0.026841255736485128
      0.12001617181434239
      0.05363303497632319
      0.029770793893417278
      0.016499788338431083
      0.039975445397153545
      0.06336994329433185
      0.043923010321428695
      0.030695037091076797
      0.04733028754560683
      0.07217285775214743
      0.08753408956789901
      0.01935133775961847
      0.0215237976381517
      0.007726483904582007
      0.08153680808386203
      0.040621383665545914
      0.01886454950877492
      0.00902562453633089
      0.008243707151292374
      0.017967277498625516
      7.366679446137136e-05
      0.0043252884448524735
      0.07981045263110999
      0.1438181148421385
      0.21018857094111787
      0.032102306031225894
      0.0987699885881718
      0.020245085359060114
      0.021054777169729238
      0.040459261071182605
      0.025846233254951348
      0.045353495184714716
      0.09002637913666064
      0.039991527063617825
      0.06275705251479528
      0.06881610923117691
      0.0037108081669503857
      0.0024613364666086998
      0.12121230072938506
      0.10562026692938227
      0.10457101210473593
      0.17168321946839926
      0.10800047642489516
      0.039548282693152546
      0.04125390572330734
      0.0586960097516033
      7.699643620133046e-05
      0.05105932062971903
      0.04880787328899353
      0.0401922687702315
      0.04492669240576517
      0.0010068028556289342
      0.03738181638353615
      0.08148376359497819
      0.0886770658408214
      0.17835496296244174
      0.22645719783905535
      0.019980408240804094
      0.06646293684909256
      0.031836569492514205
      0.004867276577406911
      0.024074402305265186
      0.0020409422064014775
      0.019386063574492133
      0.004506656735773594
      0.07893222170378751
      0.05250206223526026
      0.1018314533269142
      0.05878654484628488
      0.05140354661816107
      0.07244603072832559
      0.046258043827726705
      0.08619952330083934
      0.03177930291594071
      0.05611364975052959
      0.06579445559013504
      0.10342403573645174
      0.1295204220981041
      0.13373051420775087
      0.09840335760701191
      0.09442304553237808
      0.07211339329316381
      0.10556236766782778
      0.07604711777235566
      0.05878781752498985

Components: 4
    # Pv: 1
    # Load: 1
    # Gas Chp: 1
    # Uchp: 1
    # Storage: 0
SOLVER TIME:0.35421061515808105
OBJ function grid:
MIN OBJ: 0.0, MAX OBJ: 0.42350609796194394, MEAN OBJ: 0.05604686102776305
TOTAL OBJ: 5.380498658665253
FULL LIST: 
      0.0
      0.02316317811963316
      0.0175235243702707
      0.0037293465090801415
      0.007720487062317899
      0.003888469572993169
      0.023352646138060113
      0.01794221642812942
      0.004871439462900654
      0.0016703062424187449
      0.0006143677538665434
      0.011324696288536476
      0.0008019856419456473
      0.004585651595979538
      5.68215169437108e-05
      0.0
      0.008900970901514201
      0.0031235130834237207
      0.007395216826275858
      0.02412285870911464
      0.007508337248804481
      0.004776309602031796
      0.003396392371874091
      0.003282285355779633
      0.006218593154473146
      0.0011065424806415596
      0.030904266860349028
      0.05406158883227929
      0.01783246521027221
      0.031218870847096413
      0.01153964261638139
      0.007781757548735868
      0.0017120220043941364
      0.0030450114917872947
      0.00901157090863437
      0.0014588826817932704
      0.011927938437678153
      0.007767244799981485
      0.01875042861570233
      0.02771351330233882
      0.013162656697476753
      0.0007218253904086069
      0.03652398061134066
      0.07260243304254425
      0.02223217384313667
      0.10585058710480609
      0.15364844459450736
      0.0
      3.8152637852806445e-05
      0.0068178896135482475
      0.03840737338520095
      0.05219334038798722
      0.06347844918128263
      0.04349696284252319
      0.008436936281519949
      0.009321402819538447
      0.052221567948040504
      0.001012950728525177
      0.05653920894535359
      0.020894963674925947
      0.029335517577811915
      0.0007632593426586803
      0.0029609379599849035
      0.008884486536540425
      0.047859293756324535
      0.10717483129482279
      0.10251686340801971
      0.11162456690130163
      0.42350609796194394
      0.39309453108411246
      0.38543218933563733
      0.3775460483978888
      0.24174072293053542
      0.23425510436690525
      0.23239369668065282
      0.21986433873646352
      0.1518163708938777
      0.14658237852301498
      0.14619233933029735
      0.0
      0.03535716480613196
      0.03346414610763114
      0.031364882308804964
      0.034194002775132085
      0.09852064605330511
      0.11070213868145273
      0.08392527519704814
      0.08103827828969969
      0.04188594976112125
      0.04451145588999071
      0.03559995704336023
      0.035443675071434956
      0.04806358791908285
      0.05976649572261367
      0.05971476769469694
      0.0

Components: 4
    # Pv: 1
    # Load: 1
    # Gas Chp: 1
    # Uchp: 1
    # Storage: 0
SOLVER TIME:0.37697553634643555
OBJ function grid:
MIN OBJ: 0.0, MAX OBJ: 0.37110015133082885, MEAN OBJ: 0.05775645979457642
TOTAL OBJ: 5.5446201402793385
FULL LIST: 
      0.0
      0.01626605332990609
      0.012099918894420187
      0.003732053461825745
      0.01548882851279832
      0.02162101358535947
      0.00020549041176184696
      0.018777104909143326
      0.022801197729905628
      0.03659323492805647
      0.005343549552682454
      0.028366358071613498
      0.006481498890410045
      0.00831461272098038
      0.0022739839890982376
      0.0
      0.014862156718511479
      0.006930646914886752
      0.008654709810529784
      0.010693001113750654
      0.03158081531057298
      0.012932799604246824
      0.015197898169128077
      0.03423781066390666
      0.005392031232233501
      0.0028300419286731463
      0.006166115062050811
      0.025725494706535686
      0.023744225145492955
      0.02573624600797806
      0.0017417988486382193
      0.0
      0.008831350277472342
      0.026680742477836476
      0.05150253789650453
      0.052183552535557357
      0.027069089919705868
      0.02331463256369869
      0.03276100059616015
      0.0533134629609299
      0.009901136283512994
      0.009735346967410427
      0.03297645923479881
      0.04241727409022032
      0.00879796769142746
      0.14615872502043029
      0.16469394082333397
      0.01824031860415771
      0.024704836348475322
      0.06638121092865
      0.13192058063477186
      0.1428260958600694
      0.06683618477382508
      0.03553923660773714
      0.01746122118762249
      0.017338337522126702
      0.033306000747769876
      0.01665100867601895
      0.04197337428024477
      0.01460097707512572
      0.06694890296132858
      0.009678434014555051
      0.025036649041401744
      0.0
      0.07291935503956246
      0.229437030385114
      0.23261481107195642
      0.24704358605613083
      0.29053875240458543
      0.37110015133082885
      0.2947411038778895
      0.3459926278725421
      0.11661969057552005
      0.09836994953682374
      0.12866912021368468
      0.12591524802174298
      0.1510899317302863
      0.11472032698618154
      0.15896375954461034
      0.0
      0.0794180058676321
      0.08969454327438407
      0.06077263938502997
      0.07494612395198846
      0.021750257822816275
      0.020201959998380356
      0.023701429561127883
      0.024719977426118152
      0.03945836429991431
      0.05309792592655002
      0.05599356777029488
      0.05730607481903516
      0.046680788821420495
      0.04297969835037579
      0.03059205952883317
      0.0

Components: 5
    # Pv: 1
    # Load: 1
    # Gas Chp: 1
    # Uchp: 1
    # Storage: 1
SOLVER TIME:0.37372422218322754
OBJ function grid:
MIN OBJ: 0.0, MAX OBJ: 0.31633292902379434, MEAN OBJ: 0.057942634466347766
TOTAL OBJ: 5.5624929087693875
FULL LIST: 
      0.0
      0.0
      0.0
      0.0
      0.0
      0.0
      0.0
      0.0
      0.0
      0.0
      0.0
      0.0
      0.0
      0.0
      0.0
      0.0
      0.0
      0.0
      0.0
      0.0
      0.0
      0.027972726277466865
      0.09028257480505394
      0.09134135899297229
      0.02856010346502806
      0.038861593438705676
      0.04365020623190906
      0.05729474716086941
      0.0883554617152396
      0.09843435756546878
      0.055702698327139685
      0.0
      0.012813047620377575
      0.0036855609273914944
      0.013902239461548947
      0.014095445651145323
      0.02260113964219731
      0.02139055149347422
      0.022495394276445747
      0.045680317453552506
      0.015703749626455904
      0.01643674056942116
      0.02386439786398436
      0.04509452581102367
      0.01917718027737589
      0.06347332137629416
      0.055132698507823256
      0.006722021408058791
      0.04547357030408922
      0.12441248729746344
      0.04673457079408046
      0.08519871191786814
      0.0856635428388005
      0.045818117996383384
      0.01735616423800996
      0.00022029607538571913
      0.01572954171962511
      0.00477184027681459
      0.01407549172130551
      0.013743037527982113
      0.011055502679384694
      0.0008098694200948767
      0.004498695807391263
      0.0
      0.04002149535897258
      0.04449630968779952
      0.06473647262648172
      0.06827333288978793
      0.23875029040795526
      0.041752062823644916
      0.0631271004961089
      0.039715420936119794
      0.027048667156729368
      0.026378694686411533
      0.054029374288608316
      0.028874043491236654
      0.024757135508626956
      0.017168625360303676
      0.024702637785544657
      0.0
      0.2874418221810344
      0.31633292902379434
      0.3001128652377198
      0.3073310660398623
      0.21100070935458023
      0.2064964061120666
      0.2103789667201756
      0.18564397681723405
      0.16913321199749107
      0.25503156622939416
      0.2587054212585026
      0.24171901660525888
      0.06428718389852585
      0.12748792995176006
      0.07927257327655175
      0.0

Components: 5
    # Pv: 1
    # Load: 1
    # Gas Chp: 1
    # Uchp: 1
    # Storage: 1
SOLVER TIME:0.3394651412963867
OBJ function grid:
MIN OBJ: 0.0, MAX OBJ: 0.3007781134925457, MEAN OBJ: 0.048873581094105056
TOTAL OBJ: 4.691863785034086
FULL LIST: 
      0.0
      0.0
      0.0
      0.0
      0.0
      0.0
      0.0
      0.0
      0.051712236523891134
      0.0020889357734535717
      0.014196161067683207
      0.003669198631954188
      0.016145980316433387
      0.016026009778891803
      0.022003816517262173
      0.0
      0.009693406714568845
      0.002267381174328139
      0.006221666520064749
      0.009936523866389935
      0.022237531520940573
      0.022301604152225388
      0.0009026099979417221
      0.00801395432182955
      0.008155182064506009
      0.01835349231783973
      0.0009602744050298053
      0.034913331716027646
      0.04094850988850737
      0.04561186589294498
      0.03419746230523246
      0.003337399383332263
      0.013822069920219554
      0.0012451675567598033
      0.07212820387014267
      0.062397213056224164
      0.11328370342185048
      0.3007781134925457
      0.056932460241904466
      0.09706720130644848
      0.031196998009807072
      0.050227645604634774
      0.07022684365062407
      0.08782194352540917
      0.12437903542336323
      0.13133579535260995
      0.15462394292935708
      0.031110776586577283
      0.013935636524949299
      0.09447109509776518
      0.06608157407652798
      0.06645601671559082
      0.10110615988376802
      0.06988579995303468
      0.016018681139561963
      0.03100653661332806
      0.08583499378363034
      0.010282445646505548
      0.09290759463159584
      0.0778599002839816
      0.05089926142046143
      0.040656965928397945
      0.001018709694539273
      0.0
      0.04204327320039343
      0.0702236818385886
      0.07699001004634971
      0.0807365716805364
      0.0935942544377226
      0.08680410463959828
      0.07353523741015518
      0.052501898323075495
      0.03924839496848546
      0.038246314937266414
      0.04369856260875422
      0.04417277041350844
      0.04474546162819838
      0.0356832915157636
      0.03954288024823694
      0.0
      0.1479131199131086
      0.12635624229188505
      0.13704434719523242
      0.07061020846562287
      0.039066056735779675
      0.036319307876094095
      0.04091396665886543
      0.023668793213935925
      0.1129568017531288
      0.12470900157350694
      0.11594376000569875
      0.14802373171714725
      0.0046199413041984865
      0.06475302779476856
      0.026305750445084163
      0.0

