Components: 2    ---- load off pv off
    # Pv: 1
    # Load: 1
    # Gas Chp: 0
    # Uchp: 0
    # Storage: 0
SOLVER TIME:0.3896443843841553
OBJ function cost:
MIN OBJ: 0.00041673886703123597, MAX OBJ: 0.5726585975134393, MEAN OBJ: 0.06616142172679036
TOTAL OBJ: 6.351496485771876
FULL LIST: 
      0.03772865973760613
      0.09372021328569882
      0.12601570080990787
      0.08896828349922056
      0.012219501930624127
      0.010655148522132682
      0.03974300488883727
      0.11189402010167736
      0.1335630339134321
      0.03759922776539757
      0.016057171036113708
      0.06550905165256672
      0.047574385735694065
      0.010667915053613246
      0.010572627568175237
      0.023038861638163235
      0.05657488280452453
      0.027457761037439375
      0.010679157903443773
      0.03225121341519515
      0.08952777980265461
      0.13577514963213563
      0.019791826229269432
      0.015599683124946678
      0.017965530420826936
      0.025881494504664083
      0.030190658782689353
      0.015614130239423474
      0.012291913443318106
      0.04554821657230184
      0.10692519198654231
      0.01635193916841438
      0.026594803359381115
      0.007874347335523654
      0.002810888524280779
      0.007931874768367628
      0.0049496506019008814
      0.010430014209591354
      0.015416249680066222
      0.03630104989318834
      0.011549555973457871
      0.020797689364266573
      0.04066186325515962
      0.05281564409176051
      0.049505761382112705
      0.04630462563131052
      0.050765192937780514
      0.006052292346704629
      0.039603665550128765
      0.12336930882869585
      0.061917485859045544
      0.08744801699075873
      0.049825580675826306
      0.034501490285979174
      0.023785250126421686
      0.0208875712767239
      0.017961825463916833
      0.018252215272247713
      0.02878903907405189
      0.0592864344577494
      0.07104935282959274
      0.03831417190251103
      0.0116265298572078
      0.06330924767820148
      0.013810000874828315
      0.010133359827199278
      0.0006964329049597456
      0.009959072755140512
      0.01894766049100509
      0.019038782511440158
      0.018967579499415434
      0.022195135201496737
      0.005831217204091994
      0.0008468695997732713
      0.009418899465539013
      0.002664645395248382
      0.003387374493907462
      0.00041673886703123597
      0.006007371288232242
      0.0033245946548707507
      0.01397862433370076
      0.0062132875154879445
      0.00277883237083312
      0.025598990921821187
      0.36570116012282544
      0.16201391102652618
      0.36440444182292675
      0.38767903094434913
      0.5726585975134393
      0.5609411339558041
      0.39499618681038295
      0.3605713855116426
      0.06825498948931809
      0.11131363313013215
      0.07951969449672952
      0.06458482508121503

Components: 2   ---- load on pv on
    # Pv: 1
    # Load: 1
    # Gas Chp: 0
    # Uchp: 0
    # Storage: 0
SOLVER TIME:0.35535311698913574
OBJ function cost:
MIN OBJ: 0.00030372423934597534, MAX OBJ: 0.3226464058657616, MEAN OBJ: 0.06840154371069351
TOTAL OBJ: 6.56654819622658
FULL LIST: 
      0.09920689982252551
      0.24445399470267007
      0.2867390339071139
      0.18515885038584184
      0.020912668858921877
      0.014949917430477177
      0.07307613312836964
      0.1888668673814985
      0.3226464058657616
      0.050213112433740284
      0.043413476988768844
      0.16707299578043694
      0.07929597611317356
      0.030064167323383444
      0.02365110780400443
      0.036752429889146725
      0.02215403942634178
      0.009134860634040247
      0.0034607439983930454
      0.016981650662738764
      0.03583194943187659
      0.0497384383693707
      0.01663042151906669
      0.00030372423934597534
      0.021784820456485072
      0.04999212348067656
      0.029728945056988865
      0.02162132712922683
      0.05472775190259213
      0.0541949051233376
      0.06384989669034909
      0.014652579646114335
      0.005987830688593167
      0.04183113471962333
      0.10030111178182126
      0.07859809394557798
      0.09189548005697291
      0.05590370977665183
      0.039802088555140884
      0.0589985498108508
      0.03130779819868084
      0.03882573222107824
      0.06950595437415809
      0.11358139462026494
      0.05214525309942571
      0.05422116817026124
      0.06221685046033011
      0.014683961633857493
      0.009409850547332345
      0.032120306771290616
      0.024178830018508426
      0.02728663888983421
      0.0845744785411543
      0.055165668992562596
      0.01638568354966225
      0.01975386851689549
      0.04059662920950566
      0.0015570692360288925
      0.034018737174553705
      0.03240631405538735
      0.0576250617894837
      0.04027714355154427
      0.003527117712566084
      0.05365969238474436
      0.016831794761254792
      0.03135858250594916
      0.05949558967145064
      0.045959344020504396
      0.11440189372080324
      0.13418095928552543
      0.09899865748017224
      0.06548356953488238
      0.026961622960383288
      0.04503056249724513
      0.025656735195901295
      0.03759226657112774
      0.02601642918740633
      0.022141042870407815
      0.02300796450555591
      0.012173462082869322
      0.009000524335358018
      0.008890385130180142
      0.01831427098418508
      0.015619836644375225
      0.022125593219200112
      0.29819461712995216
      0.2243662681541813
      0.02302387148894544
      0.29087467911391734
      0.2941532591319305
      0.2089687371472692
      0.19054369336402277
      0.0914594210872384
      0.1471696396713616
      0.10078938364555752
      0.06415212049034225

Components: 2 -------OFFLINE OFF
    # Pv: 1
    # Load: 1
    # Gas Chp: 0
    # Uchp: 0
    # Storage: 0
SOLVER TIME:0.31859755516052246
OBJ function cost:
MIN OBJ: 0.000528565478470967, MAX OBJ: 0.5026321963986445, MEAN OBJ: 0.09722319872294997
TOTAL OBJ: 9.333427077403199
FULL LIST: 
      0.020868724322400344
      0.03903562737519834
      0.05050697274091465
      0.03670768200848765
      0.012105796716428701
      0.0033495219239837153
      0.020348318124351207
      0.06204940883461483
      0.06072699086693427
      0.012041334862600402
      0.022828250808408793
      0.02421217024594032
      0.07115363713988936
      0.006675190856186342
      0.027743268760554763
      0.03287722502314973
      0.0524718013076279
      0.01966861309012234
      0.00905053285680107
      0.08126170806000041
      0.000528565478470967
      0.07430895583511567
      0.03321736880507062
      0.0054383741183141685
      0.03803425036209584
      0.013414001894866428
      0.002605849549358833
      0.05782419476689809
      0.030148488616960883
      0.08932278905703434
      0.0266083006908482
      0.05071979023888089
      0.01960557304990707
      0.041508979301977666
      0.12604806313527245
      0.08686370838792634
      0.33927531002399425
      0.11553454904403024
      0.13374906698598166
      0.13423587914703328
      0.05366978768890132
      0.03907158249581825
      0.09669951788313472
      0.1227341441380896
      0.02996382727827789
      0.12590555872433026
      0.12895494929953533
      0.04551715910316942
      0.05061770197382061
      0.0075444291695963605
      0.07065517968951919
      0.06369159514243578
      0.191304659829338
      0.18063609289838548
      0.08840972167104337
      0.09372330439103316
      0.15512704297229188
      0.12774926983870577
      0.15889990253909328
      0.0428705584853604
      0.017342293004997643
      0.01651616737160264
      0.056393326223604524
      0.0009927205965452152
      0.005395892385890276
      0.04732835189541585
      0.18650856311601616
      0.15699942291667365
      0.19457350158330153
      0.23662270681881242
      0.1342323019204844
      0.09502377381531865
      0.06740615828277031
      0.09585802581173493
      0.08755295286848357
      0.083483370432123
      0.17205382635515795
      0.15215954177570198
      0.22668015714208328
      0.1322397484043815
      0.2055292049587477
      0.21156769238435708
      0.25667524791075674
      0.21927856750343583
      0.17563575374424056
      0.20787449798725102
      0.19496016248961187
      0.18977205814454645
      0.5026321963986445
      0.3681307692411057
      0.24212806078360588
      0.2483121293138295
      0.03291021380479041
      0.06858019607643413
      0.04921294532403834
      0.03644375899019032


Components: 3
    # Pv: 1
    # Load: 1
    # Gas Chp: 0
    # Uchp: 0
    # Storage: 1
SOLVER TIME:0.37755632400512695
OBJ function cost:
MIN OBJ: 0.0, MAX OBJ: 0.30914037646109715, MEAN OBJ: 0.05378720745946958
TOTAL OBJ: 5.163571916109079
FULL LIST: 
      0.0
      0.0
      0.0
      0.0
      0.0
      0.0
      0.0391317991686337
      0.13412735791703267
      0.30914037646109715
      0.04860890733893726
      0.053777527699082915
      0.17320470971188495
      0.09941974552900079
      0.005942168292004645
      0.03389184784252891
      0.07058586836936483
      0.05289880950502621
      0.04248399076982227
      0.01416741575873464
      0.05927867032609985
      0.05608056740001673
      0.07380065176298216
      0.030113540396143976
      0.018576176604691443
      0.018566023822082785
      0.04050149481761254
      0.035999786791547896
      0.009718252347373701
      0.0014445473657280434
      0.024084924363040452
      0.03862875373458243
      0.006587649097564052
      0.00599524937309889
      0.03350691895783713
      0.0014077788744999641
      0.0024846656161227982
      0.10857239644463161
      0.1899150703440221
      0.011912066642413776
      0.030778791364439225
      0.007813779430575573
      0.029975072052373382
      0.005727374648839506
      0.06771489558468614
      0.18434495881138524
      0.13247938180940153
      0.13371139254954792
      0.016612755529676115
      0.026197656048990308
      0.07070721713641136
      0.05012210900718962
      0.0618419464208875
      0.07243178773580783
      0.04191194290344877
      0.037956083370621604
      0.04750389783454077
      0.02189199467361362
      0.01617822467573315
      0.013278146595721537
      0.025029494974201347
      0.07074986723855248
      0.036544186116665114
      0.00243279782844276
      0.07591487476085948
      0.01586352834255035
      0.00952272246677797
      0.007950651426366202
      0.010285635304732556
      0.00043744768890172054
      0.0006701720058698423
      0.01564093610340677
      0.0029089551299316284
      0.015752790115396365
      0.02918309260946904
      0.04187934702386156
      0.008544323262530485
      0.001082717622096467
      0.061257935762825934
      0.11415263236910128
      0.0029436120208137344
      0.0013167070750715309
      0.0
      0.008540130895279765
      0.002734933351143487
      0.0374034327378274
      0.0027702322767239793
      0.0011632614686757272
      0.00013158440061275455
      0.30231958910275747
      0.296100924321924
      0.20881884229677705
      0.19786094346374383
      0.1379433287139693
      0.23031316769973753
      0.14978144689992706
      0.1238905536024214

Components: 3
    # Pv: 1
    # Load: 1
    # Gas Chp: 0
    # Uchp: 0
    # Storage: 1
SOLVER TIME:0.33614253997802734
OBJ function cost:
MIN OBJ: 0.0, MAX OBJ: 0.6315640779159638, MEAN OBJ: 0.08482430838077164
TOTAL OBJ: 8.143133604554075
FULL LIST: 
      0.0
      0.0
      0.0
      0.0
      0.0
      0.0
      0.0
      0.2569016434080012
      0.10051150155303018
      0.0180020680915833
      0.014798770515664918
      0.06129670418833287
      0.1943240010000262
      0.06989061387118689
      0.0772951333509261
      0.10290106501226798
      0.08764440542497377
      0.03211365665772946
      0.013288486220921878
      0.04162620212536797
      0.09873349081172442
      0.17330807081342484
      0.02864635384148628
      0.02716537719636076
      0.0076441752143897295
      0.01931245762814074
      0.026907315378436325
      0.01064288629479211
      0.003703135612790083
      0.02533163749951302
      0.01674043042300225
      0.004986393165216632
      0.02841367438615577
      0.14067339250726668
      0.28126877219302654
      0.10841166134370255
      0.042362075139275326
      0.06177700248006233
      0.02721222619920616
      0.03943990601816605
      0.040219788895983204
      0.05829403765196344
      0.04739263713806348
      0.0957120826568911
      0.08674795511119045
      0.1127187391251282
      0.13237228174837118
      0.009893692783268066
      0.006486234146915625
      0.048631409174751
      0.03486269194375862
      0.03205497833681802
      0.15214583432017537
      0.0994494851680121
      0.028875114549188168
      0.02701440668937781
      0.07094882164081166
      0.02733845493235066
      0.06614397370111773
      0.04860818662585428
      0.026294578092416886
      0.006884257120204344
      0.0074824632263372475
      0.033324258276966605
      0.019568555611941818
      0.0901456596750008
      0.09545987681725449
      0.0994075045826581
      0.04993298961111978
      0.047955110177828414
      0.03805116909591665
      0.029152769234785658
      0.058855574462778795
      0.04945239206986283
      0.06449710028080134
      0.04887357880747394
      0.03681769513357812
      0.028508968385551302
      0.03939230288200508
      0.019270312129581166
      0.04988706546064324
      0.05890053620584762
      0.08833864762341927
      0.0897211473858398
      0.06765212241561795
      0.09307329924664046
      0.14256667608919657
      0.26420659590233975
      0.6315640779159638
      0.6207378413215896
      0.4704154986715942
      0.42744323229118275
      0.17522726237219421
      0.2829272562403956
      0.18501219916258554
      0.13694753866882067

Components: 4
    # Pv: 1
    # Load: 1
    # Gas Chp: 1
    # Uchp: 1
    # Storage: 0
SOLVER TIME:0.36081576347351074
OBJ function cost:
MIN OBJ: 1.6394788312641044e-06, MAX OBJ: 0.582786320782251, MEAN OBJ: 0.05645482532904511
TOTAL OBJ: 5.419663231588331
FULL LIST: 
      0.007425330857939371
      0.007883407751636703
      0.015366296908356352
      0.010841139823486091
      0.021439039093247604
      0.018364716011325423
      0.19352348215204246
      0.582786320782251
      0.07147590011360075
      0.011337477156113433
      0.008886484881991
      0.033665741327352214
      0.10884136194661238
      0.013698624409002248
      0.016621811105884475
      0.024807603784203724
      0.02539650252125671
      0.04279514938386039
      0.06342638657526285
      0.045153019097441266
      0.06283997098523669
      0.1131674495788146
      0.11629480026788086
      0.1591937553387326
      0.08244370034797407
      0.051939458198573145
      0.08628606156077746
      0.15555430152832744
      0.09626445244173085
      0.11297029504182314
      0.10543039481811499
      0.0006595617345032244
      0.00938558650266624
      0.022527478390283583
      0.010088726350015977
      0.01442942188258511
      0.009370993640823784
      0.02498700993151599
      0.11525405373080662
      0.12306274067419336
      0.004997209601050588
      0.008373856075077955
      0.015039968824064177
      0.02750645202761795
      0.004031266335590157
      0.14724954184355232
      0.14897038824134617
      0.007111850705650998
      1.6394788312641044e-06
      0.00924004503672706
      0.0599611834790578
      0.10251752142557402
      0.07608848483919561
      0.04116143036189047
      0.02024471097695835
      0.04291472802343799
      0.05032046109184138
      0.009410480070392075
      0.0366140856316512
      0.01273327469803369
      0.009861400895993256
      0.0011901370936295023
      0.0019076768659440255
      0.002928058691303862
      0.04035918977952008
      0.05897729478793992
      0.05313796805986107
      0.07029306788019722
      0.06709270173965443
      0.06525264074765787
      0.07218760072289007
      0.06981882127607769
      0.0747162353819402
      0.08293708312801949
      0.0754070521312733
      0.0678408670728339
      0.07712333119802561
      0.0707260302312546
      0.08378880283214031
      0.03831874324528901
      0.04560049017200936
      0.04033800002238154
      0.04144316167340644
      0.054339552610942976
      0.052223836315000056
      0.04773749812411693
      0.042495125195914765
      0.042920518544923784
      0.04762984480467371
      0.04721955566011411
      0.049900427035354675
      0.045755987435824146
      0.04192545040871188
      0.042602400013496064
      0.04087591670899541
      0.03241617570523146

Components: 4
    # Pv: 1
    # Load: 1
    # Gas Chp: 1
    # Uchp: 1
    # Storage: 0
SOLVER TIME:0.32418394088745117
OBJ function cost:
MIN OBJ: 0.0010719169226123875, MAX OBJ: 0.41927000839481526, MEAN OBJ: 0.07155979703321153
TOTAL OBJ: 6.869740515188308
FULL LIST: 
      0.011484459373283563
      0.16798193026244557
      0.1935695556236587
      0.1038061165244357
      0.03222404935741102
      0.04754616956124921
      0.09126006939356239
      0.2730702002527327
      0.19028586174265566
      0.03597478915834709
      0.04600348453394211
      0.07927774179333542
      0.1884575825559838
      0.02306698210672953
      0.0677974952625088
      0.02241640948386249
      0.023140920377865443
      0.03526333392459551
      0.051853447761471126
      0.035292555332231995
      0.025598374453724374
      0.05865941436739939
      0.06908139052675907
      0.07102693585720925
      0.07736011136880722
      0.028244045775540006
      0.06499935066044868
      0.13747892229879738
      0.05045348522810997
      0.0673364654141589
      0.03698408304520001
      0.0010719169226123875
      0.02063677151187503
      0.08015911226214655
      0.09716861515330057
      0.08831755911348457
      0.07817195438037537
      0.056999026231376516
      0.052818878528922725
      0.05481071265358086
      0.028788364821363824
      0.03203889899146609
      0.03414671539445416
      0.05378593734382274
      0.08835963164369333
      0.10027279938334502
      0.10986029386574604
      0.0038240980155281015
      0.009530272823823906
      0.042994334150064276
      0.03540643773921316
      0.03234204935549114
      0.06023017088620528
      0.046572445952372504
      0.017395828512086133
      0.01585084807323664
      0.020484561947971783
      0.010111501456162802
      0.0253894899454202
      0.017702562736363652
      0.10382336703577268
      0.052136395693245415
      0.010092195032088039
      0.019043623227697672
      0.08160335726980306
      0.06852993300070481
      0.029640826300633437
      0.05676861357983143
      0.029140930750392945
      0.03164962368885217
      0.03790743478913484
      0.03655868273630139
      0.06505892532327878
      0.06888826803123337
      0.051062768691863006
      0.07772657749215665
      0.02932856090083722
      0.029810219802223877
      0.025893045147674626
      0.008769578438573981
      0.015373704953407457
      0.009008617400550065
      0.009512020912746198
      0.01677798847057526
      0.015326431100141792
      0.20162945249757222
      0.013397584929350032
      0.22963989572949564
      0.4088189964842686
      0.41927000839481526
      0.2899271384504319
      0.2575160533088048
      0.08233558583448111
      0.13831411303012467
      0.09166612614948089
      0.03555634743579339

Components: 5
    # Pv: 1
    # Load: 1
    # Gas Chp: 1
    # Uchp: 1
    # Storage: 1
SOLVER TIME:0.38333964347839355
OBJ function cost:
MIN OBJ: 0.0, MAX OBJ: 0.3102954788471982, MEAN OBJ: 0.058271314802163854
TOTAL OBJ: 5.59404622100773
FULL LIST: 
      0.0
      0.0
      0.0
      0.0
      0.003208095894789849
      0.004148192102119124
      0.0010591668997455008
      0.0
      0.0
      0.011138219465536245
      0.013425923654260742
      0.04370653016763818
      0.2037429964496767
      0.06673166916263021
      0.05491583940803371
      0.02024068642528664
      0.031157934479119836
      0.07017739416378163
      0.05952282673900606
      0.034222779713439955
      0.020620086805325902
      0.056455999936553786
      0.052177601883911635
      0.047239253608350615
      0.11694047211205702
      0.10036396816248427
      0.126395834480823
      0.1244181518073868
      0.08956206588331556
      0.12028553577997178
      0.06107136301676211
      0.007315977849477012
      0.003557865298074552
      0.013331631169795032
      0.0010079154755486307
      0.0050370429916427135
      0.023577199752034223
      0.020687910064708732
      0.05078336745459418
      0.05106299234824367
      0.06580180314739527
      0.05320936194900292
      0.0505812937219325
      0.09264823232673858
      0.1323332495249478
      0.10756717823894096
      0.1138985966321652
      0.005170380983863982
      0.010855931725343947
      0.06939375828604123
      0.06376143000610976
      0.06091745987160101
      0.10962998446083437
      0.07437496512465125
      0.005335857607077996
      0.015114006691570715
      0.02951315328038125
      0.005811261867710862
      0.02664880255701172
      0.017285490157632814
      0.012913240361774752
      0.009017551721637715
      0.021480159053419955
      0.0026451406644355593
      0.1224731256102933
      0.1745746594565379
      0.19701254742864197
      0.1771757748463313
      0.0911126070188758
      0.09296321850741077
      0.10923574869942257
      0.12561313463692814
      0.20939346143091037
      0.3102954788471982
      0.10338128363524285
      0.09455828065528651
      0.05351963806904535
      0.09993168679654288
      0.05429499021732837
      0.03591279935792649
      0.043161645575707765
      0.05002654822257904
      0.04805496479213123
      0.04086920320382594
      0.05055404844554271
      0.042650446192364376
      0.04561986988254681
      0.038948768873086514
      0.041036249441418295
      0.038122415138051736
      0.03898346861444279
      0.045036136044829235
      0.0381043839112794
      0.04446024891905248
      0.04247958925453969
      0.029291018714061357

Components: 5
    # Pv: 1
    # Load: 1
    # Gas Chp: 1
    # Uchp: 1
    # Storage: 1
SOLVER TIME:0.35250139236450195
OBJ function cost:
MIN OBJ: 0.0, MAX OBJ: 0.34134093741274707, MEAN OBJ: 0.05982131860098627
TOTAL OBJ: 5.742846585694683
FULL LIST: 
      0.0
      0.0
      0.0
      0.0
      0.0
      0.0
      0.0
      0.34134093741274707
      0.08025898150372034
      0.02794319289492951
      0.0044405734251562225
      0.03268046047042735
      0.15730965673311378
      0.017188277645577493
      0.049255133120352415
      0.02263664526794271
      0.03672079671090437
      0.07006785821504352
      0.08497983961361318
      0.06453716912558213
      0.03203474535631024
      0.043880367945716606
      0.07274669887370666
      0.07704745272184467
      0.05930811325072009
      0.03549964320417884
      0.03915736196787259
      0.08717660883489811
      0.17560724352483761
      0.18084311087684246
      0.07703218018908058
      0.01139481101326377
      0.0005629171231791637
      0.07200960884459615
      0.05257880885441276
      0.14881062485803276
      0.04783513507404629
      0.030014007430998118
      0.010512949415860652
      0.02443306555123578
      0.030366923936423908
      0.03352669357481604
      0.03407851673641787
      0.06191772096276531
      0.11143479316373407
      0.1415132498580966
      0.18353801202387648
      0.017844724633927188
      0.013698463151820925
      0.09341780993744574
      0.060318406145958584
      0.04965311469624239
      0.1652193706509022
      0.0960376108552684
      0.02837019808369142
      0.03998243166509389
      0.010725738129562823
      0.007575875432487502
      0.023202482308610956
      0.017601434101546402
      0.02229931561317939
      0.028885184672713046
      0.007849018629119473
      0.013279492820858782
      0.03938872940020221
      0.02253075916339907
      0.01670593648096698
      0.04715300896786585
      0.01336568785290019
      0.028408614984887275
      0.02043033679610525
      0.019715977711849453
      0.015693726078228457
      0.015925370917325935
      0.014725160878716502
      0.019128716424720492
      0.020414724535978295
      0.02477643238818588
      0.028348089078185455
      0.007530473401680179
      0.009173329027423457
      0.011293806840869575
      0.010930361493086616
      0.010416643225222434
      0.01780890585578033
      0.03648145740590266
      0.04459323727100451
      0.08872690269854601
      0.2521640066494352
      0.25910949867086025
      0.18856332797757386
      0.17538430149215145
      0.16993184416996254
      0.3069413073799697
      0.21625840096789495
      0.030645950672498118

Components: 5 ----- OFFLINE OFF
    # Pv: 1
    # Load: 1
    # Gas Chp: 1
    # Uchp: 1
    # Storage: 1
SOLVER TIME:0.339322566986084
OBJ function cost:
MIN OBJ: 0.0, MAX OBJ: 0.4422900840482038, MEAN OBJ: 0.08247068183376045
TOTAL OBJ: 7.917185456041003
FULL LIST: 
      0.0
      0.0
      0.0
      0.0
      0.00269182855733451
      0.0
      0.0
      0.0
      0.0
      0.0
      0.0011388829421024095
      0.008161762925809432
      0.016376444080223967
      0.0038310987040741126
      0.004131352494518818
      0.012224331183428565
      0.02358969566930368
      0.039063695790625866
      0.06596827127171248
      0.02839933304883712
      0.016254661339268398
      0.031767246660870926
      0.04740098600728451
      0.09743028221432845
      0.04340256727255362
      0.032988987496056756
      0.0426489402053223
      0.058819719779872257
      0.08565702324797998
      0.11414233041404383
      0.0904466585868509
      0.031187229257415263
      0.05806730053721898
      0.07529144594590545
      0.2895061426412854
      0.20298885121728188
      0.21511607069818003
      0.07872527827605855
      0.0813858819845499
      0.09618493762480725
      0.052458260580854905
      0.04092988825078916
      0.125891683726425
      0.1961906895815471
      0.02575613247781679
      0.11506317172268779
      0.1544987991434373
      0.040024067700431126
      0.021725865359225525
      0.004175234251519926
      0.04611652879041441
      0.04030121774923491
      0.07993592148252891
      0.06294577151740212
      0.04975743448125344
      0.036673365685037804
      0.04581163557737614
      0.049357929258195266
      0.05651935650838296
      0.017610450684972318
      0.013295321056204725
      0.02303563331935885
      0.054209735566683466
      0.006916849210083039
      0.03336373255705406
      0.1381583157370623
      0.4422900840482038
      0.41916439376440473
      0.2678964009228914
      0.30889926802239703
      0.19132313641609777
      0.12460423925935793
      0.061837235964578255
      0.08333641264349052
      0.0848514138384498
      0.08145671773360898
      0.3316888685602644
      0.26196939179913536
      0.41572379595483866
      0.050148014412965736
      0.06140913087058012
      0.05124608455189302
      0.06791381480442481
      0.07932227646016654
      0.057681693796171725
      0.055768800453770764
      0.058959794946901706
      0.05104328745211448
      0.1568360958025683
      0.05800032467967007
      0.08336824807709095
      0.09249746904429854
      0.1372907842144378
      0.10266827711123601
      0.138787133850033
      0.013490636533876908

