Components: 13  - 10 POD
    # Pv: 2
    # Load: 3
    # Gas Chp: 3
    # Uchp: 2
    # Storage: 3
SOLVER TIME:0.34647607803344727
OBJ function cost:
MIN OBJ: 0.0, MAX OBJ: 0.7795810228827212, MEAN OBJ: 0.16894890129820764
TOTAL OBJ: 16.21909452462793
FULL LIST: 
      0.0
      0.0
      0.0
      0.0
      0.0
      0.0
      0.0
      0.03579613075420276
      0.0
      0.0011115770384888361
      0.0596913514862136
      0.056009390954222124
      0.026959364065993155
      0.05123603728899952
      0.06550361631920436
      0.04725992490367328
      0.08406940785155588
      0.11881237756181216
      0.12627507860054038
      0.11411296776961659
      0.06764378885375887
      0.04612208103672115
      0.06624039064741483
      0.053396473459563394
      0.39371966877397463
      0.055746160156223745
      0.018137000730786165
      0.0006249908681888304
      0.11087492326897104
      0.0849927573860203
      0.12958647187177058
      0.09345981910191593
      0.03270450844764614
      0.036239106990114366
      0.04126329832299921
      0.052088622681391174
      0.05383870495760971
      0.0017347709215939325
      0.029936604114089067
      0.13194382573939029
      0.11604884724192854
      0.05011334118830125
      0.31109088359873227
      0.15817046480295857
      0.08130608692567866
      0.3202200216911635
      0.3491879437933262
      0.23525290953518924
      0.7016171369534836
      0.4501509893671308
      0.7795810228827212
      0.6431878669072839
      0.5742548700371491
      0.5843742385835595
      0.3720092480164917
      0.27316584117032394
      0.34589716794763253
      0.41984570177565733
      0.4174358476516754
      0.365207734076023
      0.4589123847334684
      0.5240273095977266
      0.5529739799903052
      0.05994451782930936
      0.08277927657202908
      0.09210223247360161
      0.07276906889287094
      0.07154357491631388
      0.08348449141185749
      0.10125753336915633
      0.07627472488328135
      0.09728627318191149
      0.1365518057678672
      0.07051306540924894
      0.06224787347372461
      0.07608532819837643
      0.06520396915101964
      0.0826561861834007
      0.08707839902996142
      0.07529495649878261
      0.18520212475498812
      0.05219540453468082
      0.09748671676023495
      0.1726108411380629
      0.10375470876234594
      0.1288559902648606
      0.14784100421260338
      0.1298739982418494
      0.11188116427492752
      0.17670887056750254
      0.28376479958656003
      0.2801782883272072
      0.3984334033774864
      0.5852004630968912
      0.37386718441744554
      0.22700325367499702

Components: 50 - 33 POD -> 50
    # Pv: 8
    # Load: 16
    # Gas Chp: 10
    # Uchp: 9
    # Storage: 7
SOLVER TIME:0.3212273120880127
OBJ function cost:
MIN OBJ: 0.0, MAX OBJ: 6.827675597459731, MEAN OBJ: 0.9019245524997049
TOTAL OBJ: 86.58475703997166
FULL LIST: 
      0.5580812813759027
      0.23343347646950727
      0.0
      0.4238594173391921
      0.3979771489608548
      0.4679584914740641
      0.5681810721468443
      0.545406390250329
      3.726045618321518
      2.264738013728288
      1.7996565094248949
      1.967101147633917
      0.865315447430267
      0.7622467040818774
      0.7150866281175929
      0.935068008469506
      0.8923852180115541
      0.7374304360921203
      0.7105866194327594
      0.513762600309625
      0.6940503593941051
      0.8566416802547299
      0.4968473466692773
      0.38382583492319117
      0.023739068895560763
      0.2876311032686141
      0.547763266776676
      0.9858830394833538
      0.22532091139444962
      0.18329572051367854
      0.21523604668535817
      0.26896240005121325
      0.24451309213632935
      0.3301746296516947
      0.25965882455631784
      0.05040470669892575
      0.0010146370566299417
      1.0391099792022673
      0.28669848507602136
      0.035607712310788284
      0.09392226660194909
      0.9182492336431857
      0.05359753011721658
      0.8132845413896207
      0.6613969618423982
      1.4590461017067216
      1.1360431306634577
      5.292959379503124
      1.4450811837948625
      2.563818438676637
      0.161205776203388
      0.4281551504990608
      1.0973776595483098
      0.3383998181758011
      0.5286286146454076
      0.6650937814587983
      0.5817347079653781
      0.025521794904687912
      0.5548988495078906
      1.4047744086449372
      0.7023347660440635
      0.5263160339020094
      0.7868642713418469
      0.7773532093768758
      0.2456761425326833
      0.283971142301759
      0.3052245183680783
      0.2934798467005547
      0.46191425677641296
      0.4093465979763811
      0.6310930515733262
      0.541577485329213
      0.5637480540299696
      0.5416054466012026
      0.5211416981715749
      0.6413791868086328
      0.35006001400869136
      0.30579326497483317
      0.3115475358539977
      0.28222019814535815
      0.8638672079931313
      0.8898231971028716
      1.242249952364939
      1.1660620988251964
      0.8770027786371593
      0.9773861204343794
      1.2061021327478825
      1.0234256437467977
      1.0665577474435095
      6.827675597459731
      1.8046640699617447
      2.5139107848640716
      2.407875957184901
      3.9015710034944067
      2.0422703220395446
      1.5677773012913088

Components: 250 - 120 POD -> 100 - usa questo per la tabella
    # Pv: 40
    # Load: 65
    # Gas Chp: 50
    # Uchp: 45
    # Storage: 50
SOLVER TIME:0.48092174530029297
OBJ function cost:
MIN OBJ: 0.0, MAX OBJ: 19.182497259230324, MEAN OBJ: 2.505423100168851
TOTAL OBJ: 240.52061761620968
FULL LIST: 
      0.0
      0.0
      0.0
      0.0
      0.0
      0.0
      0.0
      0.0
      0.0
      0.0
      0.0
      0.0
      0.6081622514235583
      1.368202862073867
      1.5809229716839406
      1.702509260334035
      1.7937692211124143
      1.6630104355177018
      1.5869731821265194
      1.802159697365592
      2.2922818309355213
      2.1330951953912414
      1.461821510396534
      1.6429751535368913
      1.726080833035173
      1.8876382833584775
      1.7142313326640437
      2.0254225622605864
      2.1359975299485816
      2.580113754655228
      2.9506797137734613
      2.6091840290841324
      4.429823915331168
      4.19816411863556
      2.815857246295324
      0.9105207257481525
      0.2036741130810017
      1.7807170608000755
      1.5707523910325547
      0.9585717861026666
      3.1315896469461806
      10.163803618261579
      1.4630215068444012
      1.7599185724027095
      3.4680007944329168
      1.0940542095163999
      1.0922318961184208
      3.728624064121348
      11.364936989434486
      19.182497259230324
      2.609608179418643
      8.024641647336834
      3.3919893194643316
      2.565222682557403
      3.867478873902365
      2.3541710552196093
      6.1566302095708325
      2.589244858230876
      2.4252583685103715
      3.4890145366856653
      0.964284590706769
      0.812713871974007
      1.02275211240611
      1.1972103994200034
      0.9521428582859184
      1.0231754036152796
      0.9779491028777154
      0.9123798005758195
      4.3331448533064325
      4.660182809489933
      4.673338988501685
      4.826030501402873
      3.197990708818826
      2.913225081432991
      2.646169083241323
      2.679611783159003
      2.0973707239434916
      2.3937075926117783
      2.5396936573152993
      1.9801876694559086
      2.614471020568108
      2.675096716528172
      2.278890843585283
      2.222072725884048
      1.1464528976400419
      1.2499350462227106
      1.1676840822634342
      1.1480849646859732
      4.5285568636718185
      4.769553037015934
      4.918024546100948
      5.562351470473102
      1.4368418736766153
      2.3028980647177497
      3.7647212499032654
      3.8764693648215918

Components: 250
    # Pv: 40
    # Load: 65
    # Gas Chp: 50
    # Uchp: 45
    # Storage: 50
SOLVER TIME:0.4735245704650879
OBJ function grid:
MIN OBJ: 0.0, MAX OBJ: 18.014899908548443, MEAN OBJ: 2.537427740640675
TOTAL OBJ: 243.59306310150475
FULL LIST: 
      0.0
      0.0
      0.0
      0.0
      0.0
      0.0
      0.7198620132838032
      0.0
      2.3402794326275664
      0.0
      0.09721968819703479
      0.137598685139508
      0.6413836140362115
      1.428224600507619
      0.33687710681983846
      0.3371219984167347
      4.0593691333125825
      3.792982162749961
      3.710277823653636
      4.270023776026516
      0.18048652881889646
      0.15189419669108703
      0.19173723182769153
      0.19527567859047523
      1.2456473065857923
      1.5317169835528612
      1.54727889657978
      1.6378107469932317
      1.4983650360334906
      1.819807574123053
      1.8497270870858276
      1.658181942843175
      2.9196685108203493
      2.8266243957680928
      1.3551641792017561
      1.7205858162937326
      0.7313515152454444
      1.9416410479915371
      1.5914591052606788
      0.9604058931266455
      0.4561502116134878
      2.2654642878628577
      0.045319433519332875
      0.6749993084367071
      5.191496237448024
      2.1754327753165197
      2.176550688479754
      5.373869226928997
      5.227042277974339
      9.105300626295065
      0.6363719339862597
      3.500309802170945
      4.756719936234357
      3.5807383232816457
      5.093902756848685
      3.3041153231133515
      2.7498637466522067
      1.3145431071920282
      1.202167422804475
      1.1279058404688571
      1.5630831390765199
      1.3705077306125353
      1.7197632645953413
      2.2904118821758725
      5.192716665162173
      7.034039439640108
      10.973950471653607
      18.014899908548443
      0.9898272105825991
      0.44274835810718527
      0.15513581567499402
      0.6228320386694155
      3.2910316172093945
      2.0926985038636876
      0.8723916041820825
      0.9049749240331093
      0.8522674248631074
      1.9138618970631802
      2.670666818545634
      2.107650421322049
      1.2534688694947536
      1.4213328085642263
      1.1605667820767946
      1.0906958575481114
      2.2710738506571295
      2.3479396451109964
      2.3579062353338673
      2.287161639837689
      1.8814679333742204
      2.2197391384512026
      2.2535615016342194
      2.4530362853935306
      6.297985990991703
      9.460326392230815
      15.568493950877755
      14.808534109514286

Components: 410
    # Pv: 80
    # Load: 130
    # Gas Chp: 70
    # Uchp: 60
    # Storage: 70
SOLVER TIME:0.5287356376647949
OBJ function cost:
MIN OBJ: 0.0, MAX OBJ: 31.22543460546888, MEAN OBJ: 4.691217051231494
TOTAL OBJ: 450.35683691822334
FULL LIST: 
      0.0
      0.0
      0.0
      0.0
      0.0
      0.0
      1.1410877884049522
      6.989848122109294
      4.459630725255544
      3.9669867888554755
      3.871743545429879
      4.487277660252675
      6.231926936940093
      6.291392151246081
      6.399565410584714
      6.585258849799431
      6.9430995737434245
      6.620630986131316
      6.730012240667574
      6.924028387653847
      6.2172619291523326
      5.306657705136367
      3.853649207863907
      4.209449262386521
      1.4419069212500928
      2.4954302639389203
      1.5116210533687566
      4.136303275258425
      3.579236992375085
      4.139066539383279
      4.370860566508198
      4.356027872507469
      3.00992629604825
      3.106971678419769
      2.110488381389642
      0.18763722458921656
      0.9165650804156218
      6.091479862211387
      3.049433055274217
      1.7488702602961548
      1.7465335785319887
      14.25432254015274
      1.7545247279191847
      1.5361433221246596
      9.476809672397653
      2.526431802678843
      4.1195924150356
      9.459149170852843
      6.5966740276789135
      10.3119454677125
      0.7744646622755078
      3.4563853052407083
      5.3175917534606025
      3.4181936776035893
      4.140095484065346
      3.48382798327169
      3.5025654636447987
      0.44336868626635373
      0.34654017978291507
      2.2424912669109007
      5.429257959119145
      5.29406092406994
      5.984599195793285
      6.410571888500335
      2.139583815686231
      2.2605150823116262
      2.3089379158395458
      2.349146635621468
      4.510244968802596
      4.36434765857225
      4.404335458670808
      4.6892249430519115
      5.47593472950967
      5.563908229947482
      4.967232619662775
      4.785048895791528
      2.797887246617734
      3.0689693903134874
      2.9626997253248257
      2.48039803566492
      3.0275971774781447
      3.152043553563994
      2.9702609086121927
      2.9171893804327422
      2.5143678273711236
      2.7013485762510454
      2.634933361967036
      2.6044023443486157
      9.183373479347871
      10.502400081953839
      10.535734129748407
      9.418786528675092
      9.03564335985798
      13.2751782371214
      20.022254264698226
      31.22543460546888

Components: 870
    # Pv: 140
    # Load: 210
    # Gas Chp: 170
    # Uchp: 180
    # Storage: 170
SOLVER TIME:0.7045793533325195
OBJ function cost:
MIN OBJ: 0.0, MAX OBJ: 39.30578243263748, MEAN OBJ: 8.537761389284645
TOTAL OBJ: 819.6250933713261
FULL LIST: 
      0.0
      0.0
      0.0
      0.0
      0.0
      0.0
      0.0
      0.0
      0.0
      0.0
      0.0
      0.0
      0.0
      0.0
      0.0
      2.869816508728699
      16.583458819234263
      17.866292966349192
      18.08386629731055
      18.228001739225075
      7.0974595744241755
      6.046258716678276
      4.1979265944475985
      3.7794876197844838
      1.8923371658920973
      2.0022211648747184
      2.1973610904001197
      2.332658077498886
      5.639636949529411
      6.436787099623259
      6.74628382712615
      6.969326990114185
      5.051670316167364
      5.362857973218469
      3.44042399184409
      2.295251406143083
      4.481376436892896
      1.7980186216845024
      4.134511642309748
      5.165979331758835
      5.906128815723891
      11.307870399113396
      4.1236517363686715
      8.978132540347678
      38.648051989356254
      18.62973398602501
      26.537349706194526
      39.30578243263748
      10.15526085242772
      18.088492813295172
      1.7702633884259162
      3.5359159244890126
      18.268714107547876
      14.271173559455942
      15.327856434982706
      11.878229306971539
      20.76468905984128
      7.674760258312813
      7.041876386115856
      10.938052014819483
      5.188659412070957
      4.729748002152495
      5.6155196644320196
      5.310785774702417
      12.157203720147296
      12.737274063056677
      12.386595081382945
      12.57795399082078
      15.617335406592296
      14.4680053348839
      15.794619727370911
      16.246815061973116
      11.001689341385253
      11.373452725691065
      9.59597205929043
      9.798172166496437
      5.620603447898329
      6.422031459071716
      6.068624866852797
      5.489712368233233
      2.8322421834229243
      3.047346359922162
      2.7002331586932407
      2.609761065236484
      16.2346685552822
      16.527440506822945
      16.54559584337153
      16.339528381624007
      4.793140598455366
      5.587024920359058
      5.660737959396252
      6.310533346043091
      8.892397561860857
      14.157597486515755
      23.27814983896957
      22.056665297133076

Components: 5
    # Pv: 1
    # Load: 1
    # Gas Chp: 1
    # Uchp: 1
    # Storage: 1
SOLVER TIME:0.3371882438659668
OBJ function grid:
MIN OBJ: 0.0, MAX OBJ: 0.14798852468911822, MEAN OBJ: 0.03954902945255157
TOTAL OBJ: 3.7967068274449507
FULL LIST: 
      0.0
      0.0
      0.0
      0.0
      0.0
      0.0
      0.018802456432985542
      0.10870776146070384
      0.08266820592897706
      0.011091470384727561
      0.011001733901290483
      0.05848378111157628
      0.04634898075160332
      0.012130938166208824
      0.011305005168364822
      0.0
      0.0053669473857848515
      0.015538957999840074
      0.027751084425382898
      0.017610244690653032
      0.0030366793770546124
      0.017651944462649102
      0.040593703357177886
      0.036690697725474786
      0.025751044869465754
      0.023194746647629966
      0.03260986305681642
      0.05133208175066495
      0.1228820745425269
      0.14798852468911822
      0.06596827400668763
      0.011264643951535563
      0.025264954295878897
      0.0869640073607394
      0.14093837950965926
      0.018073501864531084
      0.007702981708474454
      0.0021237394232458216
      0.014354555794491207
      0.020150859625768125
      0.034102673939493434
      0.03650657266088382
      0.05439973178124348
      0.08674141907330729
      0.047702287836436257
      0.10940506051983413
      0.10642432123720483
      0.025298166054112392
      0.010929546030277787
      0.0880539564533753
      0.1174974754682111
      0.09457784915592862
      0.10764264100532969
      0.0752818693200679
      0.04353894361216851
      0.021776115308642593
      0.04128314451856218
      0.012761175830559125
      0.04388316093058211
      0.017120313658375255
      0.07563446219791764
      0.0359048771451742
      0.03196703394469687
      0.0
      0.005586285729163931
      0.0004543825650911775
      0.02214242169499548
      0.028503952922903152
      0.09192804417389748
      0.12363435210418319
      0.08265869168846096
      0.08962121503129374
      0.03346502602759387
      0.03782865810016097
      0.06539945519041539
      0.04035489183429737
      0.14083623935708187
      0.13578295078420444
      0.11598230810131908
      0.0
      0.01244645564950927
      0.010126648934339823
      0.005009606317869334
      0.02585353097692848
      0.005456808768240013
      0.008495889872015808
      0.0014613238891602318
      0.004204410484988557
      0.002582814396466251
      0.008951227081299903
      0.017034698173056025
      0.01710520210801863
      0.01406226062846079
      0.004008670124226728
      0.005950781225235729
      0.0

Components: 250
    # Pv: 40
    # Load: 65
    # Gas Chp: 50
    # Uchp: 45
    # Storage: 50
SOLVER TIME:0.8115866184234619
OBJ function grid:
MIN OBJ: 0.0, MAX OBJ: 23.95280789127226, MEAN OBJ: 5.266305058813649
TOTAL OBJ: 505.56528564611034
FULL LIST: 
      0.0
      0.0
      0.0
      0.0
      0.0
      0.0
      0.2226850014689812
      0.7866147321446053
      1.3745295968927238
      1.534804932841753
      1.628067800238052
      1.7540553713785734
      2.254009192085449
      2.0576459346501283
      2.398363814979572
      1.7920326946802996
      1.1846911316330049
      0.9106957300090711
      0.8752895621434756
      0.9154663950302605
      1.05396656453751
      0.6822869578148718
      0.11064802299353411
      0.2765305104815775
      1.3252648973648455
      0.954329942329001
      0.7702713265487452
      0.8765123984935184
      0.6581288266278338
      0.9927211680653412
      1.148777111787883
      0.3067245153269749
      0.8106279460469246
      1.1668981020078963
      1.0195875001985075
      5.123250053616752
      5.552704234713572
      4.1340487698041475
      4.747600315555156
      4.578095804680052
      2.8386264869063056
      1.255941718105321
      3.0536568986555688
      3.792997715806148
      0.5070500529127537
      10.285101582940513
      10.997126768153384
      0.2451005874144251
      4.1653688316495
      2.2435755819163576
      9.36158695900595
      3.791690109095671
      8.242281101357628
      8.227878322295226
      9.090465475885678
      7.339651573782888
      8.387236082342433
      6.6263991580657535
      6.691716844159785
      3.1325841355224773
      1.2249544790977742
      1.75927380689139
      2.935143084845043
      0.5913182573902183
      0.10723655204908086
      0.6879796147795825
      5.313901897966164
      6.666582091971749
      4.640598875000293
      6.115384936221922
      5.372104733185768
      5.377189202521716
      5.410901775943003
      5.8987769093919455
      7.174636160686265
      6.924219128334901
      17.323080231737958
      21.438412115444553
      23.95280789127226
      18.644762412425365
      12.18048523761969
      12.957191873688341
      10.81939011181362
      10.65195433066545
      6.505840375085369
      7.023584997954726
      6.860324049740799
      6.678688268626375
      18.956427145265625
      19.71305444650639
      17.34533112252601
      14.418423802919976
      14.400806222241137
      13.28486498132612
      10.78189426538137
      9.173797412448003

