Components: 2
    # Pv: 1
    # Load: 1
    # Gas Chp: 0
    # Uchp: 0
    # Storage: 0
SOLVER TIME:0.34825682640075684
OBJ function cost:
MIN OBJ: 0.0005097039186528718, MAX OBJ: 0.5321354020156934, MEAN OBJ: 0.07798464916258341
TOTAL OBJ: 7.486526319608006
FULL LIST: 
      0.01015657570685168
      0.03510956116650009
      0.04671919016604138
      0.036050665721455516
      0.015720811916018592
      0.014294783770736789
      0.06447530390973091
      0.19635173497180217
      0.02516073000494888
      0.005893518538454084
      0.011220804438019668
      0.02851568657516161
      0.02083660804988085
      0.002210704146396325
      0.004911348451273999
      0.016873057748873422
      0.03363351881012606
      0.016994668591580837
      0.006498231262573743
      0.021639485531187722
      0.01134840187501886
      0.01741709105934915
      0.0005097039186528718
      0.005284152189729388
      0.013621234186177368
      0.0015990766922381052
      0.003032480181369097
      0.021330387946215494
      0.04015819117381472
      0.060976816768683446
      0.007918914399280745
      0.02747989355246755
      0.05674130041045553
      0.139355306625731
      0.5321354020156934
      0.39851135849871455
      0.2122637190186335
      0.07901960193932134
      0.09802630076749104
      0.07829973528087884
      0.035976656529517995
      0.024032572402356008
      0.04843203630044721
      0.057715922677804614
      0.021191300863944537
      0.11259119122652297
      0.14344243322345937
      0.032476217915510246
      0.0467225706743766
      0.00116792050285155
      0.11594899200722704
      0.09046257073082459
      0.05549590967307187
      0.05360179646694729
      0.021289940658775493
      0.02196001395248456
      0.06137317643325633
      0.05439254116727548
      0.04451695758375199
      0.0310159010222187
      0.0527694344649899
      0.018125689348027624
      0.04767189350397853
      0.009821191338497997
      0.011415646746234326
      0.06087563682400165
      0.17181369399662533
      0.14016836758903972
      0.33768925368814345
      0.37200651598818185
      0.24528933499779396
      0.1689554244676656
      0.08449798959902013
      0.12257492596910574
      0.12416344554063848
      0.11682836378707918
      0.12911744641651318
      0.1131727047788313
      0.18115843032485082
      0.09420654643704227
      0.0709676652815237
      0.07426836446133307
      0.08796389296818331
      0.0780631343339734
      0.11505324568950404
      0.1374402154377945
      0.12031161632901088
      0.12250892435681499
      0.1530811851044825
      0.11151469729887144
      0.0737645930558214
      0.06205318087176294
      0.033066859258903916
      0.07397072461447063
      0.05358421335006094
      0.024489191399079995

Components: 2
    # Pv: 1
    # Load: 1
    # Gas Chp: 0
    # Uchp: 0
    # Storage: 0
SOLVER TIME:0.36818361282348633
OBJ function grid:
MIN OBJ: 0.0002822578658231593, MAX OBJ: 0.39675127213062517, MEAN OBJ: 0.08832918969685528
TOTAL OBJ: 8.479602210898111
FULL LIST: 
      0.007637407110065994
      0.023295833351031872
      0.028165585003204267
      0.018883007778533925
      0.027159320777107705
      0.002964489771375077
      0.03957915765349762
      0.1618224146520045
      0.037948927971177646
      0.009590235241039158
      0.009379147056513965
      0.019461744589406502
      0.019112166434974313
      0.0005749688398945626
      0.0004697936829678821
      0.005779908492681204
      0.04437887498121159
      0.041183266344101264
      0.0022815907219907857
      0.020664921103078566
      0.006579693059117509
      0.014814522103939765
      0.003390955404259735
      0.0012276738130528448
      0.014509350858362208
      0.004814480957777071
      0.0002822578658231593
      0.012287949522534898
      0.027506569831540553
      0.04254596944968943
      0.02606694443491936
      0.028956518627737522
      0.07825975206272848
      0.12392276560398274
      0.39675127213062517
      0.279474179471832
      0.11712862068811909
      0.04788525575246678
      0.059458013317354126
      0.049035121334111934
      0.024685882652106646
      0.012782436569899944
      0.04722083476139673
      0.052187995535197186
      0.03592108092070974
      0.10511679395668805
      0.12858199655056196
      0.029328052450564985
      0.01813342387461446
      0.00438113574882352
      0.04571378114030987
      0.035047479231451864
      0.23834613085902526
      0.23895989462992764
      0.15225718195337104
      0.10455328526145488
      0.11368604945028221
      0.07763065635381847
      0.1099001024913282
      0.054115338134038106
      0.039748152755948944
      0.03503659383195148
      0.1013258349077411
      0.05419496005842319
      0.0021170237590893187
      0.04296530227379133
      0.12428562768087446
      0.10770419492971511
      0.3214645026310217
      0.37649527638538005
      0.23547551592542687
      0.15354174854719474
      0.06640649310349114
      0.10197678440636136
      0.08568692680146736
      0.09195391962950239
      0.1814774550411838
      0.14631553035699374
      0.24306465828732174
      0.13875634452573413
      0.16293165853388256
      0.1742894363956913
      0.20227213407949618
      0.19063147466996905
      0.13977041973204038
      0.1718422875634345
      0.1439162546370375
      0.1460794372008487
      0.1767024591913355
      0.12928782583227047
      0.07742072809265788
      0.07374105785486222
      0.11522406395695603
      0.200808799008976
      0.1276454053004619
      0.11326576263817013

Components: 3
    # Pv: 1
    # Load: 1
    # Gas Chp: 0
    # Uchp: 0
    # Storage: 1
SOLVER TIME:0.32100629806518555
OBJ function cost:
MIN OBJ: 0.0, MAX OBJ: 0.41860061233217055, MEAN OBJ: 0.0912690122277851
TOTAL OBJ: 8.76182517386737
FULL LIST: 
      0.0
      0.0
      0.0
      0.0
      0.0
      0.0
      0.0
      0.0
      0.0
      0.0
      0.0
      0.019977064921616387
      0.09505434252456375
      0.03735757198341915
      0.01617326611436116
      0.0670644119755117
      0.033428255727276604
      0.02307953212981929
      0.0007135815574909444
      0.028881618962675507
      0.029493965180270917
      0.0665806114255181
      0.0067704728242274775
      0.001699486510526945
      0.020193754566907137
      0.011913740670434086
      0.005601148169116076
      0.020012690798907856
      0.038316894826581696
      0.03590497056812546
      0.0162002916622675
      0.03465196478947958
      0.04459245986033405
      0.10670755237097967
      0.3999972997451263
      0.26213807637783604
      0.41860061233217055
      0.18665307064253975
      0.18404193025325924
      0.18592345782511419
      0.07180079906037065
      0.03556315680247124
      0.08676651376503004
      0.10968630376406241
      0.024359528909163312
      0.1140215200362203
      0.10575102322011795
      0.04476183954129464
      0.016131377527232076
      0.0015818851007130285
      0.04754491708441312
      0.042369489321563175
      0.2173731698646607
      0.2249621717336336
      0.09378187052552715
      0.11476523927603334
      0.11779917787536752
      0.07694245373972525
      0.1021035214246347
      0.04987320515516313
      0.006303575343917776
      0.003289829055052199
      0.029358525055627603
      0.014124991771890485
      0.006656180300632839
      0.03892282050354105
      0.1779216737501835
      0.1497456568327927
      0.2223119449054943
      0.25130536497085854
      0.15843867844268275
      0.11225099023811216
      0.16974742183221395
      0.2877966089691572
      0.24981231584579552
      0.22980524414368636
      0.1323353719857841
      0.1298232593408464
      0.20764708927844755
      0.10754998793539258
      0.1381699681854322
      0.14706506571736674
      0.15601870123603462
      0.16707068950127973
      0.06537534911037624
      0.0863610540963736
      0.07467739590642868
      0.07973853362500125
      0.2380237705628712
      0.14965910250707049
      0.11036903216199517
      0.0946568381895321
      0.08674973215253855
      0.1618638711008131
      0.11911564321677333
      0.10609963507151977

Components: 3
    # Pv: 1
    # Load: 1
    # Gas Chp: 0
    # Uchp: 0
    # Storage: 1
SOLVER TIME:0.29654765129089355
OBJ function grid:
MIN OBJ: 0.0, MAX OBJ: 0.39076926465106226, MEAN OBJ: 0.07905244847909366
TOTAL OBJ: 7.589035053992992
FULL LIST: 
      0.0
      0.0
      0.0
      0.0
      0.0
      0.0
      0.0
      0.0
      0.0029495386447032745
      0.008033206387500581
      0.0012908799691235763
      0.021065933393424316
      0.04866260003677504
      0.013054976888594076
      0.008229963360167876
      0.028241314158802943
      0.05266881369615995
      0.027681442446385044
      0.006311097411101889
      0.03423708384839062
      0.015903112395424905
      0.03438753181083696
      0.0021727762822404714
      0.0011470586919679244
      0.007340257527738756
      0.0018230860582015194
      0.0007531800282247146
      0.01490686429955627
      0.028651009991964595
      0.029748616780400805
      0.01311492135944337
      0.018958400881945097
      0.03402049045549038
      0.04395311453805838
      0.17208764947650998
      0.1281597421647461
      0.10955840215197203
      0.03911070458044708
      0.04613794417895002
      0.04914291845099522
      0.04211406136003969
      0.011637215954222704
      0.05947369770598813
      0.06651621086654849
      0.006059087251352217
      0.07523837526948306
      0.08096213427742617
      0.025954770382613304
      0.0559544798080738
      0.03395364900908021
      0.12541748469488861
      0.1370106040024257
      0.26052405977095244
      0.2115924311158319
      0.10166207525039793
      0.08122352525975025
      0.04196504036171169
      0.02840587447426153
      0.041434382706911674
      0.011748657761358847
      0.01814867708352035
      0.0010925492020786762
      0.04190637665921334
      0.0018166274825733358
      0.021289152384279187
      0.09642491338975588
      0.25657373407657724
      0.2330939511615958
      0.31238445958275496
      0.39076926465106226
      0.24368821805693422
      0.16522603393556318
      0.1410810938634667
      0.15882535401679349
      0.17451123271495644
      0.16848486112855823
      0.16770514030762698
      0.14891202552115676
      0.22066904553159605
      0.11036321387689121
      0.19063773279045879
      0.19189731570525081
      0.25061339844960184
      0.2075860530615045
      0.0997459596239427
      0.11293727141376436
      0.09839463918435881
      0.09263860239696894
      0.15643105347102315
      0.1262490371344024
      0.0708639849131619
      0.06839189376124366
      0.0630014125405022
      0.11726301998704908
      0.07441668512473802
      0.05264862017850436

Components: 4
    # Pv: 1
    # Load: 1
    # Gas Chp: 1
    # Uchp: 1
    # Storage: 0
SOLVER TIME:0.2986941337585449
OBJ function cost:
MIN OBJ: 0.0009929716939471563, MAX OBJ: 0.5255942225354943, MEAN OBJ: 0.08500825034154164
TOTAL OBJ: 8.160792032787995
FULL LIST: 
      0.00661998178947127
      0.03887965332505166
      0.046406210118640365
      0.026913517725966053
      0.009485206608819918
      0.0193794609841925
      0.04325879326639656
      0.14039884889747592
      0.10895029997458952
      0.02840285424251881
      0.03368392812978088
      0.05539317465935926
      0.022921865590164056
      0.02383324649464821
      0.02152741815142021
      0.009192202792061722
      0.014928121696099462
      0.02107614716513153
      0.02161146990001046
      0.015637436299427234
      0.012459888572921048
      0.016703035515126887
      0.020829365439274862
      0.023295342078577905
      0.09710373131957806
      0.06845721769488715
      0.06649833226134462
      0.11780267124684182
      0.06604907970220814
      0.08753439491508012
      0.06847456417252842
      0.024246429648630902
      0.020669155499949163
      0.03759990143153867
      0.12542986240291157
      0.09711545739212242
      0.24694498733460446
      0.08125037645168522
      0.09169622460498748
      0.09869272478424554
      0.0228060630674381
      0.011470133835068131
      0.041472600317071714
      0.04773735160160677
      0.024293686365579593
      0.1595903416547204
      0.1891985146691982
      0.042648894521502174
      0.08633463438980335
      0.011117492869056955
      0.20971577179768963
      0.16786151166280813
      0.09664447529006728
      0.06847831719518326
      0.05003800140508889
      0.0289863530470083
      0.10774235800638798
      0.08787807310512666
      0.10591790987310734
      0.06129857939354726
      0.002282921448426601
      0.009263040070596069
      0.03905643022852749
      0.008809333700878108
      0.0009929716939471563
      0.07676913735718068
      0.212122827388283
      0.18436552308140888
      0.444953823687348
      0.5255942225354943
      0.3169934231596734
      0.1977812914942081
      0.0801952329795563
      0.10013608281187762
      0.12526026527789655
      0.09816664635458476
      0.19172172696101522
      0.17477581243545007
      0.2703365513864889
      0.0466459447698954
      0.06008309941754308
      0.06003641458863279
      0.09314555890489146
      0.07142417444848452
      0.051702043000554664
      0.09375804144143718
      0.052771319178499115
      0.06648838264359298
      0.15498987933513267
      0.07253260258346776
      0.07815932615048674
      0.09426778721828388
      0.10914651481176352
      0.07807071464227824
      0.10155688732170641
      0.01785243393117567

Components: 4
    # Pv: 1
    # Load: 1
    # Gas Chp: 1
    # Uchp: 1
    # Storage: 0
SOLVER TIME:0.3008909225463867
OBJ function grid:
MIN OBJ: 0.0, MAX OBJ: 0.4569610578610838, MEAN OBJ: 0.06543981349501432
TOTAL OBJ: 6.282222095521376
FULL LIST: 
      0.0
      0.023225152227912074
      0.016362794828147495
      0.016167604143570383
      0.0049929064540622375
      0.004542374822919522
      0.009947024751744079
      0.040093608245942984
      0.0532618135863096
      0.02129203250683648
      0.0070385360336199
      0.02271787513148784
      0.022101421378971302
      0.009182359361985831
      0.013803484980596128
      0.0
      0.0004465641912650119
      0.010283848800594447
      0.013791499412645285
      0.00161716152559297
      0.003124316934516543
      0.0033511599109683292
      0.008338038433321177
      0.01540280255169365
      0.03184376480261683
      0.015323324155702103
      0.040998464734895025
      0.06623112952326844
      0.0656076182236057
      0.07798196542659176
      0.05237048485928853
      0.051237908860778184
      0.02749495220522286
      0.05555138440860096
      0.2033298548867082
      0.14850693221974923
      0.2277440429329752
      0.08616307564577476
      0.0823543351668464
      0.12197698018690258
      0.03503693856247271
      0.038234315624034676
      0.12278597409484265
      0.13790504370990664
      0.020292486169326374
      0.15631537237864304
      0.15736890778755536
      0.03841836925982544
      0.018316276558065392
      0.003708793620101165
      0.03847183086862623
      0.02980293896442158
      0.05174684068838138
      0.05080427861547618
      0.02794276727788491
      0.024702524765959275
      0.12387131118085075
      0.07270658410614432
      0.12958298252576886
      0.058966027605011406
      0.005910797185600182
      0.0020423642348147172
      0.012643834165146852
      0.0
      0.05930221368560599
      0.1282392202866228
      0.4569610578610838
      0.4050822805393197
      0.15007787491903435
      0.17134972830803533
      0.09919646649343748
      0.06331608803231221
      0.05157909323873042
      0.11695075173700449
      0.10453342876448772
      0.09703058847426269
      0.20127499659377499
      0.17546093735556587
      0.2639752952863856
      0.0
      0.013259634180116277
      0.03442312908797831
      0.07649002955005735
      0.058785666135549634
      0.002589712601437108
      0.022696105945416413
      0.008529084606441802
      0.012773114651947734
      0.06134673072459456
      0.014155820089903005
      0.01291732692956053
      0.019327829801876386
      0.1537866695214109
      0.07286987250282163
      0.14056318921350838
      0.0

Components: 5
    # Pv: 1
    # Load: 1
    # Gas Chp: 1
    # Uchp: 1
    # Storage: 1
SOLVER TIME:0.31021666526794434
OBJ function cost:
MIN OBJ: 0.0, MAX OBJ: 0.39664050002659423, MEAN OBJ: 0.08660392082558933
TOTAL OBJ: 8.313976399256575
FULL LIST: 
      0.0
      0.0
      0.0
      0.0
      0.0
      0.0
      0.0
      0.0
      0.0
      0.0012935519459800838
      0.0091644897956988
      0.04775533893582651
      0.07268968756192175
      0.01896840754127453
      0.017537184802089132
      0.012645893049317404
      0.015215020188053126
      0.020230476968680494
      0.02546868273749968
      0.015190566835977047
      0.02920615063067728
      0.018353292292347043
      0.025119684389780163
      0.04554518725737479
      0.039382018928349215
      0.040052129479065814
      0.05246426895649764
      0.07117534021601989
      0.0642507846588665
      0.08437108553669434
      0.0655338711341031
      0.025372589233798305
      0.05956286653323997
      0.0967026630693644
      0.38093368126682986
      0.2794255757885203
      0.3275284299739308
      0.13414039932004912
      0.1407543554913976
      0.1369534652638318
      0.02471965366050557
      0.029232063588830848
      0.05549998971825525
      0.05735012791936608
      0.011382441480790581
      0.12916538973557906
      0.14782655709147186
      0.03561640566665323
      0.01912350581056007
      0.005557183312118098
      0.06607545440245217
      0.035261555451355335
      0.1024594132179436
      0.08381567784796341
      0.04416154518226018
      0.03758403759585167
      0.0956379050801585
      0.0670274029724827
      0.09841223756894399
      0.05467549870995884
      0.055689415370055256
      0.016456786616893492
      0.08723548434094476
      0.022194279087661497
      0.012939390578129178
      0.1030640775432734
      0.31855739628152957
      0.2826818317855487
      0.1911770606407299
      0.2104176320013554
      0.12516707316509815
      0.08428422200018866
      0.13318635654288027
      0.20877233455445618
      0.22070913499739647
      0.19783752714816963
      0.3221675565377521
      0.2746977386514868
      0.39664050002659423
      0.04586461833616729
      0.05249311552198437
      0.05536149859656397
      0.07517163752516193
      0.06515880923816783
      0.047186122846360895
      0.0837219723917797
      0.0650647453299102
      0.07161265405158175
      0.3076642766384328
      0.12290370357761662
      0.07007021871590406
      0.11449961549436571
      0.10265097269390758
      0.08829093676246477
      0.09825422719689991
      0.010560290672606547

Components: 5
    # Pv: 1
    # Load: 1
    # Gas Chp: 1
    # Uchp: 1
    # Storage: 1
SOLVER TIME:0.3163301944732666
OBJ function grid:
MIN OBJ: 0.0, MAX OBJ: 0.3792432787460174, MEAN OBJ: 0.06681020438409609
TOTAL OBJ: 6.413779620873226
FULL LIST: 
      0.0
      0.0
      0.0
      0.0
      0.0
      0.0
      0.0
      0.0
      0.0
      0.005063473843225912
      0.005025195373196625
      0.010078188036273323
      0.0268154614880185
      0.01067076291605299
      0.004963122977635452
      0.0
      0.005514565592042793
      0.03261336449740333
      0.03142485923224756
      0.021140192024679573
      0.004017174901556183
      0.023614272104069228
      0.006913779773922856
      0.035117934037703497
      0.04258180083085274
      0.003572563081857473
      0.05262269570887347
      0.06416936972924554
      0.05381491878152224
      0.059052982369184485
      0.03985780500188935
      0.017424591320756758
      0.025629680786741375
      0.03637704303168366
      0.1595617316399627
      0.11749967336408065
      0.19386184357744932
      0.0943856316854138
      0.08925327571198939
      0.07865476274185405
      0.04186304773643625
      0.025223661751229347
      0.06966466850892163
      0.09704341050764596
      0.00934386444611895
      0.08959055311362647
      0.09991293730010642
      0.0328608920577416
      0.03790714254909204
      0.010942333684901856
      0.10616000720975678
      0.08559791035411039
      0.19622020778746765
      0.19389496867677872
      0.09413341355201721
      0.07433054090138083
      0.0813159070866017
      0.06750514308034408
      0.07230511191391721
      0.026693075088690614
      0.017263862448167282
      0.014876762260063904
      0.08014502145404968
      0.04467153569515276
      0.02213507598609557
      0.07939443629672518
      0.23108516775594742
      0.21037642737066525
      0.27565894884122616
      0.3127439494779068
      0.18087754162138148
      0.12474194187536586
      0.11766188484685032
      0.15298867023422258
      0.15142038794219786
      0.16335018808932386
      0.2614481438224356
      0.20411161578189987
      0.3792432787460174
      0.0
      0.01026697764237869
      0.012655616177879152
      0.04680873144937269
      0.02009615373288513
      0.0017210281199718119
      0.004320088678459742
      0.0032222082229357058
      0.006268243255926564
      0.0958221853439073
      0.01795444390519809
      0.03597150383034352
      0.04564093015019018
      0.09245577877341653
      0.056174428412018786
      0.07640494916437474
      0.0

